   6.0660688e-01
   2.3536428e+00
   2.5816117e+00
   9.8125560e-01
   7.4658143e-01
   2.4310911e+00
   2.1403044e+00
   1.9839852e+00
   2.1314738e+00
   3.3870263e-01
   2.6099160e+00
   1.4292835e+00
   2.4081264e-01
   4.4631139e-01
   9.7207276e-01
   2.0272154e-02
   2.1506402e+00
   1.9523016e-01
   1.2715372e+00
   2.4146388e+00
   8.8488369e-02
   1.5773049e+00
   2.3620080e+00
   2.4356276e+00
   1.0243723e+00
   1.1990200e+00
   2.5869951e+00
   6.4068920e-03
   5.0688801e-01
   1.1508861e+00
   1.7998537e+00
   3.9140687e-01
   1.0401104e-01
   2.1057221e+00
   1.5950676e+00
   2.2453127e+00
   4.5619468e-01
   2.0442758e-01
   1.4644081e+00
   1.6033249e+00
