   5.4722548e+00
   1.9448143e+00
   1.0693206e+00
   4.1104737e+00
   5.1349495e+00
   6.6186369e-01
   2.5177790e+00
   2.6111407e+00
   2.9599616e+00
   4.3966436e+00
  -6.4345639e-01
   4.1713194e+00
   3.4229717e+00
   4.4357508e+00
   3.8630532e+00
   1.6406085e+00
   3.3022507e+00
   2.5967124e+00
   5.6558839e+00
  -2.6241089e-01
   2.1847269e+00
   5.6103511e+00
   2.7333562e+00
   1.7845741e+00
   5.1772723e+00
   4.8014320e+00
   4.0098603e-01
   2.1670087e+00
   5.1109867e+00
   5.2574352e+00
   3.9694405e+00
   4.1054844e+00
   2.3602252e+00
   3.7926422e+00
   3.2086280e+00
   2.9514766e+00
   3.9358249e+00
   3.5557856e+00
   4.4686646e+00
   5.7062330e+00
